2147483647C
458021194 1336
2666150 1
-2658253 -1
2674072 1
-2666150 -1
2682018 1
-2674072 -1
2689990 1
-2682018 -1
2697986 1
-2689990 -1
2706004 1
-2697986 -1
2714046 1
-2706004 -1
2722111 1
-2714046 -1
2730201 1
-2722111 -1
2738316 1
-2730201 -1
2746455 1
-2738316 -1
2754619 1
-2746455 -1
2762808 1
-2754619 -1
2771020 1
-2762808 -1
2779256 1
-2771020 -1
2787520 1
-2779256 -1
2795808 1
-2787520 -1
2804121 1
-2795808 -1
2812460 1
-2804121 -1
2820823 1
-2812460 -1
2829210 1
-2820823 -1
2837624 1
-2829210 -1
2846062 1
-2837624 -1
2854524 1
-2846062 -1
2863014 1
-2854524 -1
2871529 1
-2863014 -1
2880069 1
-2871529 -1
2888636 1
-2880069 -1
2897227 1
-2888636 -1
2905845 1
-2897227 -1
2914490 1
-2905845 -1
2923162 1
-2914490 -1
2931858 1
-2923162 -1
2940582 1
-2931858 -1
2949330 1
-2940582 -1
2958105 1
-2949330 -1
2966907 1
-2958105 -1
2975733 1
-2966907 -1
2984587 1
-2975733 -1
2993470 1
-2984587 -1
3002378 1
-2993470 -1
3011313 1
-3002378 -1
3020276 1
-3011313 -1
3029265 1
-3020276 -1
3038282 1
-3029265 -1
3047326 1
-3038282 -1
3056394 1
-3047326 -1
3065489 1
-3056394 -1
3074611 1
-3065489 -1
3083760 1
-3074611 -1
3092936 1
-3083760 -1
3102141 1
-3092936 -1
3111373 1
-3102141 -1
3120635 1
-3111373 -1
3129924 1
-3120635 -1
3139240 1
-3129924 -1
3148584 1
-3139240 -1
3157955 1
-3148584 -1
3167354 1
-3157955 -1
3176783 1
-3167354 -1
3186238 1
-3176783 -1
3195722 1
-3186238 -1
3205236 1
-3195722 -1
3214779 1
-3205236 -1
3224349 1
-3214779 -1
3233949 1
-3224349 -1
3243576 1
-3233949 -1
3253235 1
-3243576 -1
3262922 1
-3253235 -1
3272639 1
-3262922 -1
3282384 1
-3272639 -1
3292159 1
-3282384 -1
3301965 1
-3292159 -1
3311799 1
-3301965 -1
3321664 1
-3311799 -1
3331559 1
-3321664 -1
3341482 1
-3331559 -1
3351434 1
-3341482 -1
3361416 1
-3351434 -1
3371428 1
-3361416 -1
3381470 1
-3371428 -1
3391539 1
-3381470 -1
3401639 1
-3391539 -1
3411770 1
-3401639 -1
3421933 1
-3411770 -1
3432127 1
-3421933 -1
3442352 1
-3432127 -1
3452607 1
-3442352 -1
3462895 1
-3452607 -1
3473213 1
-3462895 -1
3483561 1
-3473213 -1
3493940 1
-3483561 -1
3504350 1
-3493940 -1
3514791 1
-3504350 -1
3525264 1
-3514791 -1
3535766 1
-3525264 -1
3546300 1
-3535766 -1
3556867 1
-3546300 -1
3567465 1
-3556867 -1
3578097 1
-3567465 -1
3588761 1
-3578097 -1
3599460 1
-3588761 -1
3610190 1
-3599460 -1
3620954 1
-3610190 -1
3631748 1
-3620954 -1
3642576 1
-3631748 -1
3653438 1
-3642576 -1
3664330 1
-3653438 -1
3675255 1
-3664330 -1
3686214 1
-3675255 -1
3697203 1
-3686214 -1
52710 1
91344 1
11153 1
21676 1
114854 1
341546 1
5429354 1
49440 1
87001 1
11081 1
44775 1
29399 1
7164 1
17197 1
91329 1
59636 1
169075 1
151619 1
22072 1
98782 1
-120854 -2
-59636 -1
-53760 -3
-55856 -2
-87001 -1
-49440 -1
70826 1
13958 1
61134 1
10491 1
2697975 1
69220 1
22768 1
21634 1
92152 1
130505 1
204035 1
64982 1
120677 1
113455 1
-64982 -1
-92152 -1
-44402 -2
-2708466 -2
-61134 -1
-70826 -1
-169075 -1
-91329 -1
19788 1
-19788 -1
16862 1
10128 1
44003 1
40471 1
37187 1
41083 1
71479 1
40985 1
44487 1
52620 1
73389 1
60408 1
45035 1
31070 1
57974 1
51690 1
77163 1
173510 1
20941 1
11940 1
-20941 -1
-173510 -1
-77163 -1
-109664 -2
-31070 -1
-45035 -1
65278 1
82236 1
84022 1
70406 1
70639 1
78645 1
676491 1
25329 1
86867 1
14518 1
391365 1
3818289 1
114916 1
77379 1
57195 1
84523 1
178955 1
1752227 1
286813 1
31626 1
53333 1
9010 1
15969 1
69275 1
-69275 -1
-15969 -1
-9010 -1
-31626 -1
-286813 -1
-57195 -1
-14518 -1
-86867 -1
-25329 -1
56519 1
-65278 -1
53331 1
49194 1
60976 1
-82068 -2
-71479 -1
-37187 -1
-40471 -1
-44003 -1
-16862 -1
260721 1
88136 1
268436 1
96317 1
-96317 -1
-88136 -1
-49194 -1
-53331 -1
-56519 -1
115079 1
38174 1
17583 1
54859 1
11119 1
17617 1
17030 1
69895 1
275715 1
95014 1
95014 1
59684 1
51232 1
37312 1
47127 1
77688 1
47301 1
78658 1
64938 1
72874 1
51778 1
56124 1
57200 1
-56124 -1
-57200 -1
64147 1
16760 1
77082 1
17271 1
59516 1
-76787 -2
-77082 -1
-16760 -1
-51778 -1
-72874 -1
-64938 -1
-78658 -1
-124989 -2
-47127 -1
-37312 -1
-51232 -1
15216 1
49079 1
115277 1
25351 1
651285 1
65237 1
-25351 -1
-776206 -3
34673 1
-95014 -1
34673 1
-95014 -1
31015 1
-34673 -1
-31015 -1
31015 1
-34673 -1
-31015 -1
-275715 -1
-17030 -1
-28736 -2
-110616 -3
182897 1
17413 1
2387305 1
87589 1
48396 1
74526 1
76413 1
13018 1
71458 1
-71458 -1
-13018 -1
-76413 -1
47013 1
100559 1
-121539 -2
-87589 -1
-17413 -1
53862 1
221860 1
221749 1
-53862 -1
-15216 -1
74283 1
-74283 -1
44647 1
53749 1
2837 1
114653 1
24795 1
68045 1
-68045 -1
-24795 -1
-2837 -1
-53749 -1
-44647 -1
13958 1
56510 1
56711 1
-56510 -1
-56711 -1
15506 1
552 1
-6440 -1
-5625397 -4
601 1
-25207 -1
