2147483647C
2953009 47
17806 1
177050 1
21618 1
10215 1
204035 1
92125 1
64982 1
122338 1
7163 1
9419 1
10128 1
44021 1
14330 1
9133 1
58439 1
-2703946 -17
17345 1
14295 1
17339 1
14295 1
-54548 -3
11940 1
-71617 -2
65120 1
32094 1
1982425 1
676491 1
86381 1
268480 1
118477 1
77378 1
84502 1
37225 1
178924 1
54153 1
49186 1
-522548 -6
550 1
-432078 -10
260721 1
2346 1
-63274 -4
41323 1
-11940 -1
87968 1
2151 1
-97214 -2
5155 1
5234 1
-5155 -1
3356 1
-5234 -1
-2658916 -2
37906 1
167100 1
26474 1
17971 1
127121 1
11111 1
69895 1
69895 1
47487 1
72824 1
-954706 -9
1213 1
314178 1
2086 1
-260721 -1
1795 1
359075 1
158060 1
1549 1
59518 1
128385 1
-41323 -1
-87968 -1
32811 1
36332 1
262979 1
11670 1
15211 1
-205006 -2
49301 1
8468 1
32103 1
7516 1
90721 1
1620 1
-90721 -1
1229 1
651291 1
65243 1
266606 1
1020046 1
36334 1
18114 1
19285 1
19482 1
15136 1
182885 1
88231 1
18102 1
37818 1
308760 1
1960 1
46773 1
71426 1
155066 1
1626 1
-369954 -7
-72824 -1
54076 1
456 1
221860 1
1356 1
-456 -1
-314178 -1
74277 1
44128 1
533442 1
53765 1
-1064041 -9
-97388 -4
34813 1
106450 1
68070 1
37974 1
62109 1
-4143409 -25
3325 1
14625 1
-168153 -3
-17950 -2
1397 1
-1397 -1
3217 1
-3217 -1
1230 1
-1230 -1
