2147483647C
587114 16
-63180 -2
65774 1
-65774 -1
39539 1
-39539 -1
305544 1
-305544 -1
42211 1
40030 1
47886 1
87661 1
-217788 -4
62960 1
-62960 -1
40662 1
-40662 -1
31759 1
-31759 -1
20401 1
86945 1
-107346 -2
36596 1
-36596 -1
60381 1
-60381 -1
73310 1
-73310 -1
59699 1
37328 1
-97027 -2
32516 1
6079 1
4357 1
165913 1
-208865 -4
4357 1
19326 1
-23683 -2
38137 1
-38137 -1
41832 1
-41832 -1
53178 1
43644 1
-96822 -2
61481 1
-61481 -1
62191 1
-62191 -1
37439 1
59871 1
-97310 -2
38303 1
-38303 -1
12015 1
-12015 -1
1189 1
-1189 -1
56042 1
-56042 -1
42598 1
52997 1
82786 1
69802 1
60883 1
-309066 -5
53856 1
-53856 -1
66898 1
-66898 -1
61472 1
-61472 -1
53088 1
85300 1
146957 1
-285345 -3
61951 1
-61951 -1
22208 1
-22208 -1
36878 1
39155 1
-76033 -2
53003 1
61447 1
54166 1
61955 1
85753 1
66400 1
-382724 -6
72362 1
72372 1
6998 1
-72362 -1
-79370 -2
62075 1
-62075 -1
12262 1
-12262 -1
24365 1
-24365 -1
63939 1
-63939 -1
39147 1
-39147 -1
13129 1
59250 1
-72379 -2
61418 1
53254 1
-114672 -2
238308 1
-238308 -1
85847 1
8202 1
-94049 -2
34423 1
-34423 -1
63841 1
-63841 -1
86969 1
-86969 -1
979413 1
133192 1
26606 1
15348 1
-1154559 -4
63936 1
-63936 -1
50138 1
-50138 -1
885441 1
-885441 -1
25897 1
-25897 -1
61415 1
-61415 -1
58292 1
-58292 -1
77493 1
-77493 -1
62090 1
53054 1
-115144 -2
85508 1
-85508 -1
61720 1
-61720 -1
56254 1
-56254 -1
63670 1
-63670 -1
59424 1
-59424 -1
59865 1
-59865 -1
34064 1
-34064 -1
28949 1
-28949 -1
32059 1
342493 1
-374552 -2
41136 1
-41136 -1
49808 1
-49808 -1
814741 1
-814741 -1
63626 1
-63626 -1
53580 1
-53580 -1
304131 1
-304131 -1
808305 1
-808305 -1
62003 1
103490 1
-165493 -2
75463 1
-75463 -1
61275 1
-61275 -1
69484 1
-69484 -1
59668 1
43748 1
65229 1
-168645 -3
48954 1
-48954 -1
48751 1
-48751 -1
59814 1
100434 1
1481998 1
-1642246 -3
39906 1
-39906 -1
38033 1
-38033 -1
85798 1
21994 1
34262 1
-142054 -3
31677 1
64279 1
-95956 -2
6988 1
-6988 -1
120645 1
60165 1
-180810 -2
55873 1
-55873 -1
49826 1
-49826 -1
1190 1
15363 1
6991 1
-8181 -2
-15363 -1
949271 1
-949271 -1
59073 1
-59073 -1
14620 1
-14620 -1
6985 1
-6985 -1
45814 1
-45814 -1
57562 1
43059 1
-100621 -2
72716 1
-72716 -1
42887 1
-42887 -1
46814 1
31754 1
-78568 -2
57774 1
-57774 -1
21041 1
-21041 -1
44472 1
86520 1
-130992 -2
63460 1
-63460 -1
63700 1
-63700 -1
53779 1
-53779 -1
53338 1
65578 1
-118916 -2
86380 1
-86380 -1
64105 1
-64105 -1
41770 1
59017 1
-100787 -2
31884 1
-31884 -1
32889 1
-32889 -1
4357 1
-4357 -1
77673 1
-77673 -1
62747 1
-62747 -1
51159 1
-51159 -1
43732 1
168059 1
-211791 -2
57993 1
57865 1
-115858 -2
13616 1
-13616 -1
4430187 1
-4430187 -1
57948 1
-57948 -1
62923 1
58292 1
-121215 -2
314826 1
-314826 -1
85728 1
62677 1
-148405 -2
17751 1
-17751 -1
5940 1
-5940 -1
57617 1
-57617 -1
658513 1
-658513 -1
200836 1
35288 1
-236124 -2
33780 1
-33780 -1
460961 1
-460961 -1
168057 1
-168057 -1
81509 1
-81509 -1
61132 1
-61132 -1
17806 1
-17806 -1
65439 1
-65439 -1
44807 1
-44807 -1
16402 1
-16402 -1
65104 1
-65104 -1
77361 1
-77361 -1
99579 1
-99579 -1
87243 1
-87243 -1
52991 1
-52991 -1
1083431 1
-1083431 -1
6978 1
-6978 -1
72762 1
59504 1
15189 1
77958 1
65223 1
-290636 -5
171969 1
71383 1
-243352 -2
74267 1
-74267 -1
119219 1
130026 1
-249245 -2
53739 1
-53739 -1
6963 1
-6963 -1
8782 1
-8782 -1
69879 1
-69879 -1
3312 1
-3312 -1
1191 1
-1191 -1
